N	Wave	B0	B1	S	Sair
1	307.35244835392	0.0198987547077614	0.0232313588866462	+NAN	+NAN
2	310.67181599198	0.0197795701196303	0.0236833363776644	+NAN	+NAN
3	313.99193011136	0.0197686869698198	0.0236647570677126	+NAN	+NAN
4	317.3127788425	0.0197267640913061	0.0234954377137903	0.055111925284666	0.0757159521740855
5	320.63435031584	0.0197797358723609	0.0234200738014678	0.0635644900470338	0.0861716927246973
6	323.95663266182	0.0197604879673847	0.0234821018909979	0.0684920336509345	0.0930157129243441
7	327.27961401088	0.0197939803130701	0.0236497410876558	0.0712243982295283	0.0988264634085083
8	330.60328249346	0.0197572999317085	0.023466617212525	0.0737894168175269	0.102492735302376
9	333.92762624	0.0197678527973938	0.0235069603632313	0.0762075307060807	0.104511445864489
10	337.25263338094	0.0197282516784435	0.0235620777259102	0.0792289016517937	0.108921794831744
11	340.57829204672	0.0197546983117453	0.0234942948577268	0.0844782241833145	0.114603893520338
12	343.90459036778	0.0197335372713055	0.0234552459081591	0.0882906619704169	0.121460225450004
13	347.23151647456	0.0197703015758918	0.0234084490333774	0.0948639543926249	0.130829064850509
14	350.5590584975	0.0197414204711699	0.0236995800508164	0.102867797400366	0.141973660459052
15	353.88720456704	0.0197700581810928	0.0234903225295491	0.112154474947429	0.153568050456435
16	357.21594281362	0.0197305680292337	0.0236148261104866	0.122049410494309	0.168449051311615
17	360.54526136768	0.0197731197212641	0.0235148325764423	0.133122219224171	0.182434721842805
18	363.87514835966	0.0197383024005937	0.0232215144742899	0.142283727274177	0.195419947294726
19	367.20559192	0.0197489760040575	0.0233091907536082	0.149719804777068	0.205668191568032
20	370.53658017914	0.0197424429038025	0.023596728940209	0.15400934012537	0.211403224878853
21	373.86810126752	0.0197745272236612	0.023648190629804	0.154329802391743	0.211930108547805
22	377.20014331558	0.0197359105014537	0.0236008754810568	0.152733490205315	0.209048795562858
23	380.53269445376	0.0197690975131619	0.0237766457660657	0.149987132804835	0.205322756429683
24	383.8657428125	0.019727027725386	0.0234276537982361	0.146177135595397	0.200017198414958
25	387.19927652224	0.0197468006303266	0.0234905670906221	0.143685239972365	0.196397799843915
26	390.53328371342	0.0197304916085011	0.0236643290421944	0.142311069959308	0.194159313815908
27	393.86775251648	0.0197634879173308	0.0234385906182975	0.14135170551329	0.193338675398866
28	397.20267106186	0.0197393818870608	0.0236399581210508	0.141808600776734	0.193960087260738
29	400.53802748	0.0197663946967948	0.0236241477102708	0.143782373712858	0.196309593507489
30	403.87380990134	0.0197289127701236	0.0232790514379914	0.145673633213555	0.199154827029058
31	407.21000645632	0.0197576111978888	0.0236530684100057	0.149857286962375	0.204605123430324
32	410.54660527538	0.0197205258564349	0.0235650459746505	0.155486162749775	0.212127158764996
33	413.88359448896	0.0197575363474452	0.0235737431668985	0.162911762581759	0.22257534767162
34	417.2209622275	0.0197373234126241	0.0237017327468565	0.172270774534557	0.235122562979822
35	420.55869662144	0.0197511327087966	0.0235115900911241	0.182603771024861	0.249203549912492
36	423.89678580122	0.0197339614238192	0.0232502054507043	0.193190304052252	0.263684398765099
37	427.23521789728	0.0197706491331963	0.0236202630121136	0.204664859301175	0.279419110893499
38	430.57398104006	0.0197235347046856	0.0237179926542552	0.216984390142869	0.295599155036081
39	433.91306336	0.019761060424973	0.0236198791507292	0.228999700319037	0.312002287037856
40	437.25245298754	0.0197362943498823	0.0235069605377931	0.240111087237537	0.327032836461616
41	440.59213805312	0.019762224532571	0.0234849359017188	0.249288343504205	0.339296665577764
42	443.93210668718	0.0197506740099244	0.0236273201963097	0.255681028823495	0.348074013528886
43	447.27234702016	0.0197753676772433	0.0238288179221611	0.259483970527296	0.352888392268107
44	450.6128471825	0.0197257516038374	0.0236086750765617	0.260461753344408	0.354258902065265
45	453.95359530464	0.0197659391385006	0.0231826168697973	0.259591421760699	0.35268648434377
46	457.29457951702	0.0197440674550383	0.0233861108843216	0.256486687073933	0.348331916722897
47	460.63578795008	0.0197800546410332	0.0235110269547776	0.251889033757872	0.342079007095151
48	463.97720873426	0.0197331813391263	0.0236127819918823	0.246431704531979	0.334695822719891
49	467.31883	0.0197598500810869	0.023379394270185	0.240938092603873	0.327244396396603
50	470.66063987774	0.0197363140657334	0.0235964341053394	0.2363083784093	0.320659537956052
51	474.00262649792	0.0197619375186323	0.0233354298350681	0.232140364689386	0.314858611989854
52	477.34477799098	0.0197380291703031	0.0232378796424503	0.228110970107328	0.308957428356081
53	480.68708248736	0.0197767573830314	0.0234910193802296	0.223290493272538	0.30264173258026
54	484.0295281175	0.0197301897640549	0.0235025821788833	0.217758687617313	0.295029713319077
55	487.37210301184	0.0197890558866841	0.0233480365132481	0.212506627315378	0.28780942185895
56	490.71479530082	0.0197469527738855	0.0235012967058344	0.208227714742021	0.282016880088917
57	494.05759311488	0.0197885209415559	0.0234875054513222	0.20514328099421	0.277657075953804
58	497.40048458446	0.0197381701473623	0.023436700637757	0.203215862928892	0.27501805216102
59	500.74345784	0.0197770880161097	0.023357615591678	0.202590997534615	0.273982789657762
60	504.08650101194	0.0197387188761387	0.0233638708389938	0.202854004957014	0.274431568684613
61	507.42960223072	0.0197826834793395	0.0235422073569321	0.204285189149885	0.276163755619574
62	510.77274962678	0.0197379804913433	0.0234492835755331	0.20689449068064	0.279557000425984
63	514.11593133056	0.0197814731354535	0.0238723070255138	0.210485681528437	0.284476089390245
64	517.4591354725	0.0197375087067292	0.0236844270397515	0.215313613201325	0.29076737823031
65	520.80235018304	0.0197838446208361	0.0236973597993622	0.220905854574307	0.298066832488247
66	524.14556359262	0.0197360989361369	0.0236827673062169	0.226716596261926	0.305686269330574
67	527.48876383168	0.0197836724124729	0.0236353266475401	0.232176221191162	0.312859902668663
68	530.83193903066	0.0197404964433163	0.0235771218104158	0.23694503402517	0.319312010938964
69	534.17507732	0.0197774743072101	0.0232655820754269	0.240507859552696	0.324042726468076
70	537.51816683014	0.019735324783647	0.0232647799639848	0.243182087085122	0.327568147193725
71	540.86119569152	0.0197651292183163	0.0236018168928103	0.245330769807008	0.330424812439921
72	544.20415203458	0.0197402546188063	0.0232086169761616	0.247013426553611	0.332629347732874
73	547.54702398976	0.019791211893517	0.0235447186028964	0.248568162031449	0.334495783807033
74	550.8897996875	0.0197444778239038	0.023503726431441	0.249943578032118	0.336238060307288
75	554.23246725824	0.0197975699937839	0.0234213126665178	0.251092260709673	0.337400547214048
76	557.57501483242	0.0197501226639997	0.0233423707611096	0.251702821268888	0.338081205461449
77	560.91743054048	0.0197856907573011	0.0236102515441206	0.251887882661989	0.338204992342297
78	564.25970251286	0.01974434417486	0.0234431772294273	0.251372952245182	0.337358703278359
79	567.60181888	0.0197891741817908	0.0237522504062711	0.250377575454917	0.33603611408448
80	570.94376777234	0.0197460146134307	0.0236308908578001	0.248760954696628	0.333809623014806
81	574.28553732032	0.0197983209408915	0.0233911026533745	0.246302979397561	0.330406927952391
82	577.62711565438	0.0197266686526286	0.0237273935050938	0.243286650341567	0.32622268617606
83	580.96849090496	0.0197941181495513	0.0234621639666056	0.239798396115505	0.321536500638265
84	584.3096512025	0.0197457091049768	0.0234720467825566	0.235844611444828	0.316049910139344
85	587.65058467744	0.0197749243323082	0.0237306483842993	0.231204935869158	0.309808306765152
86	590.99127946022	0.0197581977880783	0.0235845927060631	0.225802289855639	0.302512436416428
87	594.33172368128	0.0197774120190787	0.0235591930922691	0.219523986745513	0.293874763318366
88	597.67190547106	0.0197620612225123	0.0234514294636631	0.21324446050015	0.285406935246492
89	601.01181296	0.0197957465392714	0.0237514807633226	0.20798713995009	0.278294383373644
90	604.35143427854	0.019763136172589	0.0236666880702746	0.204179218043575	0.273302633010325
91	607.69075755712	0.0197954162551462	0.0236034050560095	0.201445225742383	0.269670627996148
92	611.02977092618	0.0197621718406504	0.0235551690938005	0.199410442653524	0.266912043143848
93	614.36846251616	0.0198052467878796	0.0234408295478636	0.197657782016898	0.264491621757869
94	617.7068204575	0.0197554328580564	0.0236150217942574	0.195993142688825	0.262152026015467
95	621.04483288064	0.0197997469378038	0.0235662399773194	0.194004937248792	0.259414397594142
96	624.38248791602	0.0197661185004027	0.0236100125690251	0.191362568326073	0.255844801668159
97	627.71977369408	0.0198099035672249	0.0234430126176558	0.187703350539718	0.250885129926438
98	631.05667834526	0.0197576515019738	0.0235190431814684	0.183137915554979	0.2447287249922
99	634.39319	0.019795481160426	0.0234376219749042	0.178059826646416	0.237813561370996
100	637.72929678874	0.0197743250053299	0.023511109522506	0.172867808278921	0.230979401289715
101	641.06498684192	0.0198038820322393	0.0236199638131991	0.16809874349544	0.224448209865019
102	644.40024828998	0.0197718292926377	0.0237389482739049	0.164049454053867	0.218978940782232
103	647.73506926336	0.0198131531931262	0.0233433209009528	0.160989412529706	0.214760286837783
104	651.0694378925	0.01976997670054	0.023357637586464	0.158456777220476	0.21144235765297
105	654.40334230784	0.0198093358205036	0.0233662494179949	0.156354323851258	0.208630178739907
106	657.73677063982	0.0197642606740082	0.023489243737664	0.154230529714332	0.205853888883422
107	661.06971101888	0.0197959850487268	0.0238080134730249	0.151309439459937	0.201964085411832
108	664.40215157546	0.0197643484357171	0.0236342635662164	0.147947495334524	0.197425302215496
109	667.73408044	0.0198112772211696	0.0234250325783418	0.144869598501279	0.193290522277785
110	671.06548574294	0.019740134578934	0.0234885512510284	0.142470167819104	0.190033426341063
111	674.39635561472	0.0198022190961606	0.023601053010401	0.140501406691495	0.187375414076715
112	677.72667818578	0.0197577291440423	0.023742415071128	0.138724167857212	0.184956460931246
113	681.05644158656	0.0198195132126352	0.0238801689395789	0.136942530290979	0.182614492784178
114	684.3856339475	0.0197584130921514	0.0234486415372558	0.135247479832809	0.180269575917661
115	687.71424339904	0.0198097713139936	0.0237087689836374	0.133338307902705	0.177790355219172
116	691.04225807162	0.0197636486102412	0.0236543694190542	0.131210414671427	0.174915559619094
117	694.36966609568	0.0198070468625332	0.0234095691964077	0.128898220674209	0.171771336924354
118	697.69645560166	0.0197703207683132	0.0235551776473284	0.126512177842208	0.168619610653226
119	701.02261472	0.0198116045391933	0.023455779892686	0.124247052998453	0.165658927191806
120	704.34813158114	0.0197685060376287	0.0234654216387998	0.122359436881445	0.163196015375048
121	707.67299431552	0.0198167957402372	0.0234091444875635	0.120821668382809	0.161104394940982
122	710.99719105358	0.0197746807630326	0.0232371684777028	0.119716412532476	0.159644751392846
123	714.32070992576	0.0198176046135622	0.0233210476888842	0.119175617754304	0.158977989693498
124	717.6435390625	0.0197700578321396	0.0236735240846781	0.119123935945917	0.158829767585995
125	720.96566659424	0.0198195587510169	0.0233901863785194	0.119445113507291	0.159399391029982
126	724.28708065142	0.0197581105497991	0.0234672376051398	0.120365823698344	0.160610961821052
127	727.60776936448	0.0198018722367624	0.0236497156016339	0.121431721534465	0.162023890393667
128	730.92772086386	0.0197606153352723	0.0237182846961361	0.122436370455383	0.163553287666567
129	734.24692328	0.019825051796507	0.0233154210385875	0.123425873005096	0.164800315948857
130	737.56536474334	0.0197800255034479	0.0236420668275188	0.123992164276961	0.165603486909375
131	740.88303338432	0.0198159898330136	0.023673727274606	0.124168452749532	0.165939755454491
132	744.19991733338	0.0197818964155843	0.023479307680366	0.12400920878597	0.165630840710455
133	747.51600472096	0.0198210787907943	0.0234812772610844	0.123325447404052	0.164763499284789
134	750.8312836775	0.0197911181996051	0.0235180792512435	0.122225792380423	0.163314811532767
135	754.14574233344	0.0198075692453492	0.0234314906664619	0.120952613430384	0.161560132525436
136	757.45936881922	0.0197777314856573	0.0237665454461198	0.119290348190928	0.159338067893574
137	760.77215126528	0.0198069831785894	0.0236736167769906	0.117557338414739	0.157083994493896
138	764.08407780206	0.0197859639875917	0.023489883506638	0.115920109734931	0.154924224755113
139	767.39513656	0.019819766203645	0.023456602427858	0.114316968108443	0.152707787609917
140	770.70531566954	0.0197916896103341	0.0233972920908941	0.112665993046504	0.150538307374576
141	774.01460326112	0.0198263738053904	0.023466894765777	0.1109121478457	0.148145929285858
142	777.32298746518	0.0197818739081082	0.0235663834671139	0.109018256758739	0.145605558085428
143	780.63045641216	0.0198327303353682	0.0235438786115451	0.107030399658598	0.142914591730507
144	783.9369982325	0.0197954726110746	0.0235245441472736	0.104877795692349	0.140014250603034
145	787.24260105664	0.0198253400317815	0.0235450626641918	0.102479843846872	0.136725052950258
146	790.54725301502	0.0197710022737506	0.0234140957582804	0.099935376178787	0.133256442209371
147	793.85094223808	0.0198216578784918	0.0235283368513656	0.0972833751437788	0.129643475545165
148	797.15365685626	0.0197690793675998	0.0235545274046468	0.0944535788206571	0.125891526223861
149	800.455385	0.0198198061587768	0.0234847873496324	0.0916635516846941	0.122129870975885
150	803.75611479974	0.0197922034437988	0.0235729265668276	0.0889458488658999	0.118489762705934
151	807.05583438592	0.0198060561846343	0.0236637814418475	0.0862672388749329	0.114875498868332
152	810.35453188898	0.0197679688243052	0.0236077780035038	0.0836067474141738	0.111232965843332
153	813.65219543936	0.0198111392102119	0.0234093766547492	0.0809145466086786	0.107670049990057
154	816.9488131675	0.0197813272730506	0.0236134280450808	0.0782197586967023	0.10410358764697
155	820.24437320384	0.0198124490057363	0.0234741567109572	0.0755306510599069	0.10063268227872
156	823.53886367882	0.0197849260265454	0.0235900430489481	0.0728677950538091	0.0971084442976001
157	826.83227272288	0.019795594570189	0.0237302535255219	0.0701199706507536	0.0934776768398936
158	830.12458846646	0.0197880596255353	0.0235698689424489	0.0673163773869355	0.0898148652865743
159	833.41579904	0.0197881077810655	0.0236647544492857	0.0645146981082936	0.0861857613489556
160	836.70589257394	0.0197803751544711	0.0234531127630399	0.0617435598822204	0.082545168837673
161	839.99485719872	0.0198220286411785	0.0237332163628466	0.058978287738271	0.0788972276829021
162	843.28268104478	0.0197826365451453	0.0234892912184719	0.056288156447605	0.0752786650257627
163	846.56935224256	0.0198149680982873	0.023465516251292	0.0536402010161957	0.0717788543774711
164	849.8548589225	0.0197847016496912	0.0234904178402885	0.051103256477075	0.0684174695065152
165	853.13918921504	0.0198137408301751	0.0233960113310137	0.0487501452274011	0.0652541053422114
166	856.42233125062	0.0197869337283036	0.0233704375045496	0.0465078931983308	0.0622764713082178
167	859.70427315968	0.0198247944435832	0.0235052676375177	0.044487106513658	0.0595454422886493
168	862.98500307266	0.0197986110954082	0.0236598435023432	0.0425617621526068	0.0569754892109756
169	866.26450912	0.0198214169263645	0.023466106095593	0.040808678579823	0.0546595283367267
170	869.54277943214	0.0197777513759849	0.0236165242476159	0.0391749349638253	0.0524473259060162
171	872.81980213952	0.0198271973347463	0.0235561094581832	0.0376886643759282	0.0505086828173941
172	876.09556537258	0.0197662561624074	0.02353789009465	0.0363658047333389	0.0487137207464739
173	879.37005726176	0.0197995077304421	0.0236270759843603	0.0350969406157717	0.04703390703801
174	882.6432659375	0.019779284152551	0.0235786640638632	0.0339345081476935	0.0454771342389678
175	885.91517953024	0.0198017490563121	0.0237798821417212	0.0328177612355348	0.0440068580719783
176	889.18578617042	0.0197661375183476	0.0236575110076556	0.0317587330533595	0.0426431172570394
177	892.45507398848	0.0198232370658224	0.0235185905427373	0.0306847208816508	0.0412042169736841
178	895.72303111486	0.0197612896871708	0.0234541955698463	0.0296683176859861	0.0398434800305178
179	898.98964568	0.0198115670267332	0.0236260322793957	0.0286207815951977	0.0384318365256855
180	902.25490581434	0.019777656111784	0.0238074494638694	0.0275604682108047	0.0370556421884146
181	905.51879964832	0.0198225382872058	0.0235883009222469	0.0265089554147551	0.0356616826963335
182	908.78131531238	0.0197902625665625	0.0235904700270955	0.025445356264728	0.0342475792809565
183	912.04244093696	0.0198069130390129	0.0234472998553093	0.02438578589936	0.0328334758655795
184	915.3021646525	0.0197747913811707	0.0234573149890999	0.0233624745959248	0.0314878617894088
185	918.56047458944	0.0198088565333976	0.0237503235931921	0.022306933015216	0.0301704492058524
186	921.81735887822	0.0197873219386462	0.0235465003551248	0.0213561398356463	0.0288449790529777
187	925.07280564928	0.0198134653316893	0.023458200890203	0.0203892315174398	0.0276323148705603
188	928.32680303306	0.0197625399861887	0.0235444384312175	0.0193417475060494	0.0263229598563223
189	931.57933916	0.0198132901572246	0.0237158422275185	0.0183587240492061	0.0250659790426539
190	934.83040216054	0.0197812328812325	0.023546721874041	0.0173152688224749	0.0237646815977343
191	938.07998016512	0.0198219789153593	0.0236326232090409	0.0162959863036989	0.0224794992914515
192	941.32806130418	0.0197761193222571	0.0235218953466159	0.0153331067701516	0.0212587775397158
193	944.57463370816	0.0198237180976941	0.0237795057864939	0.0144226014371738	0.0201266890504823
194	947.8196855075	0.0197803981853768	0.0236026615973301	0.0135886430127207	0.0191396368089798
195	951.06320483264	0.0197891659813925	0.0236082632852903	0.0128303772642987	0.0182958062445265
196	954.30517981402	0.0197688483606364	0.0237059178658607	+NAN	+NAN
197	957.54559858208	0.0198049780939795	0.0239504428045586	+NAN	+NAN
198	960.78444926726	0.0197587725138619	0.0236517375508904	+NAN	+NAN
199	964.02172	0.0198069044896615	0.0236401332065299	+NAN	+NAN
200	967.25739891074	0.01976786972162	0.0235831064869514	+NAN	+NAN
201	970.49147412992	0.0197887992316666	0.0236504656936614	+NAN	+NAN
202	973.72393378798	0.0197733254291265	0.0235793595180494	+NAN	+NAN
203	976.95476601536	0.0198030004021894	0.0236058126122684	+NAN	+NAN
204	980.1839589425	0.0197623972643639	0.0234076566973957	+NAN	+NAN
205	983.41150069984	0.0198092252023656	0.0237672576582382	+NAN	+NAN
206	986.63737941782	0.0197658108982302	0.0234950826551019	+NAN	+NAN
207	989.86158322688	0.0198120920266976	0.0236040338275905	+NAN	+NAN
208	993.08410025746	0.0197669500556803	0.0236581102782934	+NAN	+NAN
209	996.30491864	0.0198037073812043	0.0235465076867202	+NAN	+NAN
210	999.52402650494	0.0197668509529951	0.023709771142895	+NAN	+NAN
211	1002.74141198272	0.0197973726607963	0.0235837823902167	+NAN	+NAN
212	1005.95706320378	0.019759298037256	0.0236688536838874	+NAN	+NAN
213	1009.17096829856	0.0198070915285322	0.0235636507022333	+NAN	+NAN
214	1012.3831153975	0.01976018908904	0.0234643997540594	+NAN	+NAN
215	1015.59349263104	0.0198023415787047	0.0237371033303071	+NAN	+NAN
216	1018.80208812962	0.0197718507532544	0.0237663825799663	+NAN	+NAN
217	1022.00889002368	0.019787276574741	0.0235708534709654	+NAN	+NAN
218	1025.21388644366	0.0197668793926742	0.0235663349389352	+NAN	+NAN
219	1028.41706552	0.0198033118428462	0.0233609839360495	+NAN	+NAN
220	1031.61841538314	0.0197521052411334	0.0237346549265886	+NAN	+NAN
221	1034.81792416352	0.0197971262998957	0.023625614029338	+NAN	+NAN
222	1038.01557999158	0.0197638007538001	0.0235305632124826	+NAN	+NAN
223	1041.21137099776	0.0198061462145384	0.023547337902611	+NAN	+NAN
224	1044.4052853125	0.0197480081825877	0.0235288018839841	+NAN	+NAN
225	1047.59731106624	0.0197919905823974	0.0233672634474546	+NAN	+NAN
226	1050.78743638942	0.0197537875441101	0.0235062265054506	+NAN	+NAN
227	1053.97564941248	0.0197921151586602	0.023698892451911	+NAN	+NAN
228	1057.16193826586	0.0197551379926726	0.0235285763501466	+NAN	+NAN
229	1060.34629108	0.0197828466149217	0.0237550968108793	+NAN	+NAN
230	1063.52869598534	0.0197603647869344	0.023533073585638	+NAN	+NAN
231	1066.70914111232	0.019793160796675	0.0234755624570819	+NAN	+NAN
232	1069.88761459138	0.0197542261781781	0.0236950925907855	+NAN	+NAN
233	1073.06410455296	0.0197867102238322	0.0235503700409678	+NAN	+NAN
234	1076.2385991275	0.0197630346272319	0.0235704818289066	+NAN	+NAN
235	1079.41108644544	0.0198107227346668	0.0233414443616704	+NAN	+NAN
236	1082.58155463722	0.0197532517265991	0.023624713639606	+NAN	+NAN
237	-1	0.0197903395107247	0.0234674914179879	+NAN	+NAN
238	-1	0.0197532778980828	0.023553818160079	+NAN	+NAN
239	-1	0.0198007049885863	0.0234411976986866	+NAN	+NAN
240	-1	0.019761811197604	0.0234875764979723	+NAN	+NAN
241	-1	0.019817177145994	0.0235709699036818	+NAN	+NAN
242	-1	0.0197564711680558	0.0236493942333717	+NAN	+NAN
243	-1	0.0197979402330409	0.0235689486526725	+NAN	+NAN
244	-1	0.0197671210427076	0.0233881110133539	+NAN	+NAN
245	-1	0.0198077311595955	0.0236186313830278	+NAN	+NAN
246	-1	0.0197754814359594	0.0234945659521924	+NAN	+NAN
247	-1	0.0198180118418496	0.0233804943586089	+NAN	+NAN
248	-1	0.0197844024223934	0.0235500060796279	+NAN	+NAN
249	-1	0.0198219560589302	0.0234658976688113	+NAN	+NAN
250	-1	0.0197981810106916	0.0234718374829659	+NAN	+NAN
251	-1	0.0198388373638674	0.0234709435520203	+NAN	+NAN
252	-1	0.019827738037601	0.0232343335941729	+NAN	+NAN
253	-1	0.0198794541108645	0.0233473995372628	+NAN	+NAN
254	-1	0.0199195875577947	0.0235306873259179	+NAN	+NAN
255	1142.42102979584	0.0204112979182769	0.0242649418856363	+NAN	+NAN
